rank_from_low,rank_from_high,percentile,ideology,id,bioguide_id,state,district,name
1,100,0,0,412678,H001075,CA,,Harris
2,99,1,0.016944777,400357,S000033,VT,,Sanders
3,98,2,0.026050492,412223,G000555,NY,,Gillibrand
4,97,3,0.073308438,412325,M001176,OR,,Merkley
5,96,4,0.074523854,412598,B001288,NJ,,Booker
6,95,5,0.090611309,412200,H001042,HI,,Hirono
7,94,6,0.103489426,400253,M000133,MA,,Markey
8,93,7,0.122242581,412490,B001277,CT,,Blumenthal
9,92,8,0.138043936,412242,K000367,MN,,Klobuchar
10,91,9,0.15386643,300038,D000563,IL,,Durbin
11,90,10,0.156659087,400415,V000128,MD,,Van Hollen
12,89,11,0.159264174,300081,R000122,RI,,Reed
13,88,12,0.162093517,400050,B000944,OH,,Brown
14,87,13,0.172448707,412247,W000802,RI,,Whitehouse
15,86,14,0.17386429,300100,W000779,OR,,Wyden
16,85,15,0.179203032,412742,S001203,MN,,Smith
17,84,16,0.201255261,412194,M001169,CT,,Murphy
18,83,17,0.205667189,300065,L000174,VT,,Leahy
19,82,18,0.21183637,300043,F000062,CA,,Feinstein
20,81,19,0.214100092,300076,M001111,WA,,Murray
21,80,20,0.221703861,300093,S000770,MI,,Stabenow
22,79,21,0.223527433,412507,S001194,HI,,Schatz
23,78,22,0.2282846,400013,B001230,WI,,Baldwin
24,77,23,0.243548055,412281,H001046,NM,,Heinrich
25,76,24,0.255173973,412582,K000384,VA,,Kaine
26,75,25,0.256294098,412542,W000817,MA,,Warren
27,74,26,0.263632363,412533,D000622,IL,,Duckworth
28,73,27,0.275344362,400064,C000141,MD,,Cardin
29,72,28,0.275864491,412681,C001113,NV,,Cortez Masto
30,71,29,0.278225647,400272,M000639,NJ,,Menendez
31,70,30,0.28095263,400413,U000039,NM,,Udall
32,69,31,0.284818091,300087,S000148,NY,,Schumer
33,68,32,0.29239996,412246,C001070,PA,,Casey
34,67,33,0.311118908,300018,C000127,WA,,Cantwell
35,66,34,0.317947973,412715,R000608,NV,,Rosen
36,65,35,0.319609314,412330,B001267,CO,,Bennet
37,64,36,0.339146327,300019,C000174,DE,,Carper
38,63,37,0.344139228,412323,S001181,NH,,Shaheen
39,62,38,0.40087451,412321,W000805,VA,,Warner
40,61,39,0.423482733,412680,H001076,NH,,Hassan
41,60,40,0.424438131,412305,P000595,MI,,Peters
42,59,41,0.442666415,412390,C001088,DE,,Coons
43,58,42,0.446952815,412545,K000383,ME,,King
44,57,43,0.475743136,412244,T000464,MT,,Tester
45,56,44,0.500781043,300075,M001153,AK,,Murkowski
46,55,45,0.555209204,300089,S000320,AL,,Shelby
47,54,46,0.555629769,300025,C001035,ME,,Collins
48,53,47,0.590392272,412391,M001183,WV,,Manchin
49,52,48,0.62063205,400054,B001135,NC,,Burr
50,51,49,0.637140647,400325,P000449,OH,,Portman
51,50,50,0.640535689,412741,J000300,AL,,Jones
52,49,51,0.64437907,300072,M000355,KY,,McConnell
53,48,52,0.645526501,412492,P000603,KY,,Paul
54,47,53,0.690782028,412509,S001191,AZ,,Sinema
55,46,54,0.692468283,300002,A000360,TN,,Alexander
56,45,55,0.701360256,300047,G000359,SC,,Graham
57,44,56,0.703133604,412495,L000577,UT,,Lee
58,43,57,0.706160465,300048,G000386,IA,,Grassley
59,42,58,0.710280304,412665,S001198,AK,,Sullivan
60,41,59,0.712724503,400408,T000461,PA,,Toomey
61,40,60,0.713797605,412496,J000293,WI,,Johnson
62,39,61,0.717378577,412841,R000615,UT,,Romney
63,38,62,0.728713698,412406,G000562,CO,,Gardner
64,37,63,0.737114479,400061,C001047,WV,,Capito
65,36,64,0.740080706,412671,S001197,NE,,Sasse
66,35,65,0.742280668,412428,Y000064,IN,,Young
67,34,66,0.750715817,412611,M001197,AZ,,McSally
68,33,67,0.753393215,400194,I000055,GA,,Isakson
69,32,68,0.762345353,400546,T000250,SD,,Thune
70,31,69,0.762907189,412269,C001075,LA,,Cassidy
71,30,70,0.792587639,400284,M000934,KS,,Moran
72,29,71,0.804193038,412840,H001089,MO,,Hawley
73,28,72,0.821999341,412556,F000463,NE,,Fischer
74,27,73,0.823567317,412471,S001184,SC,,Scott
75,26,74,0.826914007,412494,H001061,ND,,Hoeven
76,25,75,0.827229335,400034,B000575,MO,,Blunt
77,24,76,0.829732321,300041,E000285,WY,,Enzi
78,23,77,0.830524986,412838,S001217,FL,,Scott
79,22,78,0.836394791,412549,D000618,MT,,Daines
80,21,79,0.838055868,300030,C000880,ID,,Crapo
81,20,80,0.839580162,412679,K000393,LA,,Kennedy
82,19,81,0.840162186,400040,B001236,AR,,Boozman
83,18,82,0.842401746,412251,B001261,WY,,Barrasso
84,17,83,0.844492272,400432,W000437,MS,,Wicker
85,16,84,0.854078978,300083,R000307,KS,,Roberts
86,15,85,0.864519169,412668,T000476,NC,,Tillis
87,14,86,0.867920937,412666,P000612,GA,,Perdue
88,13,87,0.871857264,412743,H001079,MS,,Hyde-Smith
89,12,88,0.877532407,412464,L000575,OK,,Lankford
90,11,89,0.880904957,412669,R000605,SD,,Rounds
91,10,90,0.88308179,412491,R000595,FL,,Rubio
92,9,91,0.887054306,412322,R000584,ID,,Risch
93,8,92,0.904027999,300027,C001056,TX,,Cornyn
94,7,93,0.904926614,412508,C001095,AR,,Cotton
95,6,94,0.908467991,412555,C001096,ND,,Cramer
96,5,95,0.91039372,300055,I000024,OK,,Inhofe
97,4,96,0.913740724,412573,C001098,TX,,Cruz
98,3,97,0.914660315,412839,B001310,IN,,Braun
99,2,98,0.962108539,412667,E000295,IA,,Ernst
100,1,99,1,400032,B001243,TN,,Blackburn
